0.05 0.05 0.06 0.08 0.09 0.10 0.11 0.13 0.14 0.16 0.17 0.18 0.20 0.21 0.22 0.23 0.23 0.24 0.24 0.24 0.23 0.23 0.22 0.21 0.20 0.20 0.19 0.18 0.16 0.15 
0.05 0.06 0.07 0.08 0.10 0.11 0.13 0.14 0.16 0.18 0.19 0.21 0.23 0.24 0.25 0.26 0.26 0.27 0.27 0.27 0.26 0.26 0.25 0.24 0.23 0.22 0.20 0.19 0.18 0.17 
0.06 0.07 0.08 0.09 0.11 0.12 0.14 0.16 0.18 0.20 0.22 0.24 0.26 0.27 0.28 0.29 0.30 0.30 0.30 0.30 0.30 0.29 0.28 0.27 0.25 0.24 0.23 0.21 0.20 0.18 
0.06 0.07 0.09 0.10 0.12 0.14 0.16 0.18 0.20 0.23 0.25 0.27 0.29 0.31 0.32 0.33 0.34 0.34 0.34 0.34 0.33 0.32 0.31 0.29 0.28 0.26 0.25 0.23 0.21 0.20 
0.06 0.08 0.09 0.11 0.13 0.15 0.18 0.20 0.23 0.25 0.28 0.31 0.33 0.35 0.37 0.38 0.38 0.39 0.39 0.38 0.37 0.36 0.34 0.33 0.31 0.29 0.27 0.25 0.23 0.21 
0.07 0.08 0.10 0.12 0.14 0.17 0.19 0.22 0.25 0.28 0.31 0.34 0.37 0.39 0.41 0.42 0.43 0.43 0.43 0.42 0.41 0.40 0.38 0.36 0.34 0.31 0.29 0.27 0.25 0.23 
0.08 0.09 0.11 0.13 0.16 0.18 0.21 0.25 0.28 0.32 0.35 0.38 0.41 0.44 0.46 0.47 0.48 0.48 0.48 0.47 0.46 0.44 0.41 0.39 0.37 0.34 0.32 0.29 0.27 0.25 
0.08 0.10 0.12 0.14 0.17 0.20 0.23 0.27 0.31 0.35 0.39 0.42 0.46 0.49 0.51 0.53 0.53 0.54 0.53 0.52 0.50 0.48 0.45 0.42 0.40 0.37 0.34 0.31 0.29 0.26 
0.09 0.10 0.13 0.15 0.18 0.22 0.25 0.29 0.34 0.38 0.42 0.47 0.50 0.54 0.56 0.58 0.59 0.59 0.58 0.56 0.54 0.52 0.49 0.46 0.43 0.39 0.36 0.33 0.30 0.28 
0.09 0.11 0.13 0.16 0.20 0.23 0.27 0.32 0.36 0.41 0.46 0.51 0.55 0.58 0.61 0.63 0.64 0.64 0.63 0.61 0.59 0.56 0.52 0.49 0.45 0.42 0.38 0.35 0.32 0.29 
0.09 0.12 0.14 0.17 0.21 0.25 0.29 0.34 0.39 0.44 0.50 0.55 0.59 0.63 0.66 0.68 0.69 0.68 0.67 0.65 0.62 0.59 0.56 0.52 0.48 0.44 0.40 0.37 0.33 0.30 
0.10 0.12 0.15 0.18 0.22 0.26 0.30 0.36 0.41 0.47 0.52 0.58 0.63 0.67 0.70 0.72 0.73 0.72 0.71 0.69 0.66 0.62 0.58 0.54 0.50 0.46 0.42 0.38 0.34 0.31 
0.10 0.12 0.15 0.18 0.22 0.27 0.32 0.37 0.43 0.49 0.55 0.61 0.66 0.70 0.73 0.75 0.76 0.76 0.74 0.72 0.68 0.65 0.60 0.56 0.52 0.47 0.43 0.39 0.35 0.32 
0.10 0.13 0.15 0.19 0.23 0.27 0.33 0.38 0.44 0.50 0.57 0.62 0.68 0.72 0.75 0.78 0.78 0.78 0.76 0.74 0.70 0.66 0.62 0.57 0.53 0.48 0.44 0.40 0.36 0.33 
0.10 0.13 0.16 0.19 0.23 0.28 0.33 0.39 0.45 0.51 0.57 0.63 0.69 0.73 0.77 0.79 0.80 0.79 0.77 0.75 0.71 0.67 0.63 0.58 0.53 0.49 0.44 0.40 0.36 0.33 
0.10 0.13 0.16 0.19 0.23 0.28 0.33 0.39 0.45 0.51 0.57 0.63 0.69 0.73 0.77 0.79 0.80 0.79 0.77 0.75 0.71 0.67 0.63 0.58 0.53 0.49 0.44 0.40 0.36 0.33 
0.10 0.13 0.15 0.19 0.23 0.27 0.33 0.38 0.44 0.50 0.57 0.62 0.68 0.72 0.75 0.78 0.78 0.78 0.76 0.74 0.70 0.66 0.62 0.57 0.53 0.48 0.44 0.40 0.36 0.33 
0.10 0.12 0.15 0.18 0.22 0.27 0.32 0.37 0.43 0.49 0.55 0.61 0.66 0.70 0.73 0.75 0.76 0.76 0.74 0.72 0.68 0.65 0.60 0.56 0.52 0.47 0.43 0.39 0.35 0.32 
0.10 0.12 0.15 0.18 0.22 0.26 0.30 0.36 0.41 0.47 0.52 0.58 0.63 0.67 0.70 0.72 0.73 0.72 0.71 0.69 0.66 0.62 0.58 0.54 0.50 0.46 0.42 0.38 0.34 0.31 
0.09 0.12 0.14 0.17 0.21 0.25 0.29 0.34 0.39 0.44 0.50 0.55 0.59 0.63 0.66 0.68 0.69 0.68 0.67 0.65 0.62 0.59 0.56 0.52 0.48 0.44 0.40 0.37 0.33 0.30 
0.09 0.11 0.13 0.16 0.20 0.23 0.27 0.32 0.36 0.41 0.46 0.51 0.55 0.58 0.61 0.63 0.64 0.64 0.63 0.61 0.59 0.56 0.52 0.49 0.45 0.42 0.38 0.35 0.32 0.29 
0.09 0.10 0.13 0.15 0.18 0.22 0.25 0.29 0.34 0.38 0.42 0.47 0.50 0.54 0.56 0.58 0.59 0.59 0.58 0.56 0.54 0.52 0.49 0.46 0.43 0.39 0.36 0.33 0.30 0.28 
0.08 0.10 0.12 0.14 0.17 0.20 0.23 0.27 0.31 0.35 0.39 0.42 0.46 0.49 0.51 0.53 0.53 0.54 0.53 0.52 0.50 0.48 0.45 0.42 0.40 0.37 0.34 0.31 0.29 0.26 
0.08 0.09 0.11 0.13 0.16 0.18 0.21 0.25 0.28 0.32 0.35 0.38 0.41 0.44 0.46 0.47 0.48 0.48 0.48 0.47 0.46 0.44 0.41 0.39 0.37 0.34 0.32 0.29 0.27 0.25 
0.07 0.08 0.10 0.12 0.14 0.17 0.19 0.22 0.25 0.28 0.31 0.34 0.37 0.39 0.41 0.42 0.43 0.43 0.43 0.42 0.41 0.40 0.38 0.36 0.34 0.31 0.29 0.27 0.25 0.23 
0.06 0.08 0.09 0.11 0.13 0.15 0.18 0.20 0.23 0.25 0.28 0.31 0.33 0.35 0.37 0.38 0.38 0.39 0.39 0.38 0.37 0.36 0.34 0.33 0.31 0.29 0.27 0.25 0.23 0.21 
0.06 0.07 0.09 0.10 0.12 0.14 0.16 0.18 0.20 0.23 0.25 0.27 0.29 0.31 0.32 0.33 0.34 0.34 0.34 0.34 0.33 0.32 0.31 0.29 0.28 0.26 0.25 0.23 0.21 0.20 
0.06 0.07 0.08 0.09 0.11 0.12 0.14 0.16 0.18 0.20 0.22 0.24 0.26 0.27 0.28 0.29 0.30 0.30 0.30 0.30 0.30 0.29 0.28 0.27 0.25 0.24 0.23 0.21 0.20 0.18 
0.05 0.06 0.07 0.08 0.10 0.11 0.13 0.14 0.16 0.18 0.19 0.21 0.23 0.24 0.25 0.26 0.26 0.27 0.27 0.27 0.26 0.26 0.25 0.24 0.23 0.22 0.20 0.19 0.18 0.17 
0.05 0.05 0.06 0.08 0.09 0.10 0.11 0.13 0.14 0.16 0.17 0.18 0.20 0.21 0.22 0.23 0.23 0.24 0.24 0.24 0.23 0.23 0.22 0.21 0.20 0.20 0.19 0.18 0.16 0.15 
